--[[Start Up]]--
	if game.Players.LocalPlayer.Character.Humanoid.RigType == Enum.HumanoidRigType.R15 then
		_G.TorsoFling = true
	else
		_G.TorsoFling = false
		_G.Fling = true
	end
	_G.ShowReal = true
	loadstring(game:HttpGet("https://raw.githubusercontent.com/Tescalus/Pendulum-Hubs-Source/main/NetlessReanimV2(ThanksProductionTakeOne%20%233330%20for%20help).lua"))()
	task.wait()
	local Fling = game.Players.LocalPlayer.Character[game.Players.LocalPlayer.Name]:FindFirstChild("LowerTorso") or game.Players.LocalPlayer.Character[game.Players.LocalPlayer.Name].HumanoidRootPart
	Fling.Transparency = 1
	Fling.BodyAngularVelocity.AngularVelocity = Vector3.new(999999999999999999999999999999999999,999999999999999999999999999999999999,999999999999999999999999999999999999)

	local mouse = game.Players.LocalPlayer:GetMouse()
	--game["Run Service"].Heartbeat:Connect(function(delta)
	--    Fling.CFrame = CFrame.new(mouse.hit.p)
	--end)
	local attackingwithhrp = false

	mouse.Button1Down:Connect(function()
		attackingwithhrp = true    
	end)


	mouse.Button1Up:Connect(function()
		attackingwithhrp = false
	end)

	game["Run Service"].Heartbeat:Connect(function(delta)
		if attackingwithhrp then
			Fling.CFrame = CFrame.new(mouse.hit.p)
		else
			Fling.CFrame = game.Players.LocalPlayer.Character.Torso.CFrame
		end
end)

Plr = game:service'Players'.LocalPlayer
Char = Plr.Character
Mouse = Plr:GetMouse()
head = Char.Head
Numb = 34
local sway = false
local spread = 25
Char.Humanoid.WalkSpeed = 25
game:service'UserInputService'.MouseIconEnabled = false
local CurA,StoA = 8,8*8
local RTilt = 0
local CurrentRightArmAngle = CFrame.new(0,0,0)
local CurrentLeftArmAngle = CFrame.new(0,0,0)
local CurCam = workspace.CurrentCamera
local CurCamCF = CurCam.CoordinateFrame
local MouseDown = false
local Mouse2Down = false
local CurAming = false

--[[Limbs and Extra Calls]]--
local Gui,Frame,Ammo,Stored,Mode,Slash,HitM = nil,nil,nil,nil,nil,nil,nil
local ra,la,ts,hd,ll,rl,root,humanoid = Char:FindFirstChild'Right Arm',Char:FindFirstChild'Left Arm',Char:FindFirstChild'Torso',Char:FindFirstChild'Head',Char:FindFirstChild'Left Leg',Char:FindFirstChild'Right Leg',Char:FindFirstChild'HumanoidRootPart',Char:FindFirstChild'Humanoid'
local rarm,larm,hed,torso,hroot,lleg,hum,rleg = ra,la,hd,ts,root,ll,humanoid,rl
local plr,char,mouse = Plr,Char,Mouse
local AbleToShoot,Reloading = true,false
local Stance = 'Standing'

Weld = function(P0,P1,CF)
	local W = Instance.new('Weld',P1)
	W.Part0 = P0
	W.Part1 = P1
	W.C1 = CF
	return W
end;

NewSound = function(Parent, Id)
	local Sound = Instance.new('Sound',Parent)
	Sound.SoundId = 'rbxassetid://'..Id
	return Sound
end

rad = function(Int)
return math.rad(tonumber(Int))
end;
sin = function(Int)
return math.sin(tonumber(Int))
end;
cos = function(Int)
return math.cos(tonumber(Int))
end;
Angles = function(X,Y,Z)
return CFrame.Angles(X,Y,Z);
end;
Euler = function(X,Y,Z)
return CFrame.fromEulerAnglesXYZ(X,Y,Z);
end;
CF = function(X,Y,Z)
return CFrame.new(X,Y,Z);
end;

--[[
		Used FM Remington cuz am lazeh, and because am shitty builder :]
]]--

New = function(Object, Parent, Name, Data)
	local Object = Instance.new(Object)
	if Object:IsA'Part' then
		Object.Anchored = false
		Object.CanCollide = false
		Object.Locked = true
		Object.TopSurface,Object.BottomSurface = 10,10
		Object.RightSurface,Object.LeftSurface = 10,10
		Object.FrontSurface,Object.BackSurface = 10,10
	end
	for Index, Value in pairs(Data or {}) do
		Object[Index] = Value
	end
	Object.Parent = Parent
	Object.Name = Name
	return Object
end
	
Remington_Model = New("Model",Char,"Remington_Model",{})
Handle = New("Part",Remington_Model,"Handle",{BrickColor = BrickColor.new("Dark stone grey"),FormFactor = Enum.FormFactor.Custom,Size = Vector3.new(0.200000003, 0.200000003, 0.200000003),CFrame = CFrame.new(198.994003, 33.9850006, 237.936005, -0.999999285, -4.63094153e-007, 4.75211408e-008, -4.62646199e-007, 0.999957621, 0.00901973993, -5.16960341e-008, 0.00901967287, -0.999956906),CanCollide = false,BottomSurface = Enum.SurfaceType.Smooth,TopSurface = Enum.SurfaceType.Smooth,Color = Color3.new(0.388235, 0.372549, 0.384314),})
Railing = New("Part",Remington_Model,"Railing",{BrickColor = BrickColor.new("Black"),FormFactor = Enum.FormFactor.Symmetric,Size = Vector3.new(1, 1, 1),CFrame = CFrame.new(198.994003, 34.3590012, 238.377991, 0.999999642, -3.02357672e-009, 1.71927127e-007, 1.91533611e-009, 0.999978185, 0.00644560531, -1.71942887e-007, -0.00644563325, 0.999977827),BottomSurface = Enum.SurfaceType.Smooth,TopSurface = Enum.SurfaceType.Smooth,Color = Color3.new(0.105882, 0.164706, 0.207843),})
Mesh = New("SpecialMesh",Railing,"Mesh",{Scale = Vector3.new(0.114285715, 0.0285714287, 0.0571428575),MeshType = Enum.MeshType.Torso,})
mot = New("Motor",Railing,"mot",{Part0 = Railing,Part1 = Handle,C0 = CFrame.new(0, 0, 0, 0.999999642, 1.91534322e-009, -1.71943029e-007, -3.02359804e-009, 0.99997896, -0.00644563884, 1.71927127e-007, 0.00644560996, 0.999978602),C1 = CFrame.new(0, 0.377971649, -0.438598633, -1, -4.62646824e-007, -5.16961869e-008, -4.63094466e-007, 0.999958932, 0.0090197213, 4.75211479e-008, 0.0090197213, -0.999958932),})
GR = New("Part",Remington_Model,"GR",{BrickColor = BrickColor.new("Lime green"),FormFactor = Enum.FormFactor.Custom,Size = Vector3.new(0.200000003, 0.200000003, 0.200000003),CFrame = CFrame.new(198.970001, 34.4070015, 238.164001, -2.55810937e-005, 0.99999541, 4.44010794e-007, 0.00644205138, -2.61311766e-006, 0.999974191, 0.999975204, 2.87519579e-005, -0.00644677132),CanCollide = false,BottomSurface = Enum.SurfaceType.Smooth,TopSurface = Enum.SurfaceType.Smooth,Color = Color3.new(0, 1, 0),})
Mesh = New("BlockMesh",GR,"Mesh",{Scale = Vector3.new(0.0700000003, 0.0700000003, 0.0700000003),})
Fire = New("Fire",GR,"Fire",{Size = 30,Color = Color3.new(1, 0.678431, 0),Enabled = false,Heat = 25,SecondaryColor = Color3.new(1, 0, 0),})
mot = New("Motor",GR,"mot",{Part0 = GR,Part1 = Handle,C0 = CFrame.new(0, 0, 0, -2.55811137e-005, 0.00644209515, 0.999978006, 0.999996126, -2.61312243e-006, 2.87520379e-005, 4.4401105e-007, 0.999976337, -0.00644675922),C1 = CFrame.new(0.0240020752, 0.424041748, -0.224182129, -1, -4.62646824e-007, -5.16961869e-008, -4.63094466e-007, 0.999958932, 0.0090197213, 4.75211479e-008, 0.0090197213, -0.999958932),})
Railing = New("Part",Remington_Model,"Railing",{BrickColor = BrickColor.new("Black"),FormFactor = Enum.FormFactor.Symmetric,Size = Vector3.new(1, 1, 1),CFrame = CFrame.new(198.994003, 34.3609962, 238.606995, 0.999998927, -3.02360537e-009, 1.71926985e-007, 1.91531191e-009, 0.999976873, 0.00644556619, -1.7194256e-007, -0.00644565001, 0.999975801),BottomSurface = Enum.SurfaceType.Smooth,TopSurface = Enum.SurfaceType.Smooth,Color = Color3.new(0.105882, 0.164706, 0.207843),})
Mesh = New("SpecialMesh",Railing,"Mesh",{Scale = Vector3.new(0.114285715, 0.0285714287, 0.0571428575),MeshType = Enum.MeshType.Torso,})
mot = New("Motor",Railing,"mot",{Part0 = Railing,Part1 = Handle,C0 = CFrame.new(0, 0, 0, 0.999999642, 1.91534322e-009, -1.71943029e-007, -3.02359804e-009, 0.99997896, -0.00644563884, 1.71927127e-007, 0.00644560996, 0.999978602),C1 = CFrame.new(0, 0.382034302, -0.667572021, -1, -4.62646824e-007, -5.16961869e-008, -4.63094466e-007, 0.999958932, 0.0090197213, 4.75211479e-008, 0.0090197213, -0.999958932),})
PumpPartMain = New("Part",Remington_Model,"PumpPartMain",{BrickColor = BrickColor.new("Black"),FormFactor = Enum.FormFactor.Custom,Size = Vector3.new(0.234782606, 1.12173915, 0.234782606),CFrame = CFrame.new(199.001999, 34.0569954, 240.026001, 0.999999285, -1.42108547e-013, 3.94129174e-015, -5.27355937e-016, -0.000125713646, -0.999998391, 9.59232693e-014, 0.999997675, -0.00012565311),CanCollide = false,BottomSurface = Enum.SurfaceType.Smooth,TopSurface = Enum.SurfaceType.Smooth,Color = Color3.new(0.105882, 0.164706, 0.207843),})
Mesh = New("CylinderMesh",PumpPartMain,"Mesh",{Offset = Vector3.new(0, -0.100000001, 0),})
mot = New("Motor",PumpPartMain,"mot",{Part0 = PumpPartMain,Part1 = Handle,C0 = CFrame.new(0, 0, 0, 1, 0, 1.22624133e-013, -1.22624187e-013, -0.000125683844, 1.00000048, 1.54548126e-017, -1.00000048, -0.000125683844),C1 = CFrame.new(-0.00799560547, 0.0908432007, -2.08926392, -1, -4.62646824e-007, -5.16961869e-008, -4.63094466e-007, 0.999958932, 0.0090197213, 4.75211479e-008, 0.0090197213, -0.999958932),})
A7 = New("Part",Remington_Model,"A7",{BrickColor = BrickColor.new("Black"),FormFactor = Enum.FormFactor.Custom,Size = Vector3.new(0.200000003, 0.443478256, 0.200000003),CFrame = CFrame.new(198.947998, 34.269001, 238.50499, 0.999999285, -1.42108547e-013, 2.12885265e-014, -5.27355937e-016, 0.000126323663, -0.999998391, 9.59232693e-014, 0.999997675, 0.000126384199),CanCollide = false,BottomSurface = Enum.SurfaceType.Smooth,TopSurface = Enum.SurfaceType.Smooth,Color = Color3.new(0.105882, 0.164706, 0.207843),})
Mesh = New("CylinderMesh",A7,"Mesh",{Scale = Vector3.new(0.347826093, 1, 0.347826093),})
mot = New("Motor",A7,"mot",{Part0 = A7,Part1 = Handle,C0 = CFrame.new(0, 0, 0, 1, -6.61933336e-015, 1.2262412e-013, -1.22623333e-013, 0.000126354396, 1.00000048, -6.63487345e-015, -1.00000048, 0.000126354396),C1 = CFrame.new(0.046005249, 0.28911972, -0.56640625, -1, -4.62646824e-007, -5.16961869e-008, -4.63094466e-007, 0.999958932, 0.0090197213, 4.75211479e-008, 0.0090197213, -0.999958932),})
Part = New("Part",Remington_Model,"Part",{BrickColor = BrickColor.new("Black"),FormFactor = Enum.FormFactor.Custom,Size = Vector3.new(0.200000003, 0.200000003, 0.200000003),CFrame = CFrame.new(198.994003, 34.3569984, 238.17598, 0.999999285, 4.35450715e-008, -3.80975962e-009, -4.3577586e-008, 0.999956846, -0.00901973248, 3.41675488e-009, 0.00901966542, 0.999956131),CanCollide = false,BottomSurface = Enum.SurfaceType.Smooth,TopSurface = Enum.SurfaceType.Smooth,Color = Color3.new(0.105882, 0.164706, 0.207843),})
Mesh = New("BlockMesh",Part,"Mesh",{Scale = Vector3.new(0.611111104, 0.111111112, 0.166666672),})
mot = New("Motor",Part,"mot",{Part0 = Part,Part1 = Handle,C0 = CFrame.new(0, 0, 0, 1, -4.35776464e-008, 3.41679218e-009, 4.35450644e-008, 0.999958932, 0.0090197213, -3.80973963e-009, -0.0090197213, 0.999958932),C1 = CFrame.new(0, 0.374149323, -0.236618042, -1, -4.62646824e-007, -5.16961869e-008, -4.63094466e-007, 0.999958932, 0.0090197213, 4.75211479e-008, 0.0090197213, -0.999958932),})
A8 = New("Part",Remington_Model,"A8",{BrickColor = BrickColor.new("Black"),FormFactor = Enum.FormFactor.Custom,Size = Vector3.new(0.200000003, 0.200000003, 0.200000003),CFrame = CFrame.new(198.912994, 34.2250023, 238.669998, -0.999999285, -1.45661261e-013, -2.66453526e-015, 5.27355937e-016, -0.000125684775, 0.999998152, -9.59232693e-014, 0.999997437, 0.000125624239),CanCollide = false,BottomSurface = Enum.SurfaceType.Smooth,TopSurface = Enum.SurfaceType.Smooth,Color = Color3.new(0.105882, 0.164706, 0.207843),})
Mesh = New("BlockMesh",A8,"Mesh",{Scale = Vector3.new(0.0434782617, 0.565217376, 0.173913032),})
mot = New("Motor",A8,"mot",{Part0 = A8,Part1 = Handle,C0 = CFrame.new(0, 0, 0, -1, 0, -1.22624133e-013, -1.2262416e-013, -0.000125654042, 1.00000024, -1.54511581e-017, 1.00000024, 0.000125654042),C1 = CFrame.new(0.0810089111, 0.246612549, -0.731796265, -1, -4.62646824e-007, -5.16961869e-008, -4.63094466e-007, 0.999958932, 0.0090197213, 4.75211479e-008, 0.0090197213, -0.999958932),})
PumpPart = New("Part",Remington_Model,"PumpPart",{BrickColor = BrickColor.new("Black"),FormFactor = Enum.FormFactor.Custom,Size = Vector3.new(0.739130676, 0.200000003, 0.200000003),CFrame = CFrame.new(198.916992, 33.8669968, 239.969986, 1.6876038e-005, 0.499981523, -0.866035283, 6.33057207e-005, 0.866034031, 0.499980837, 0.999997139, -6.33145683e-005, -1.70664862e-005),CanCollide = false,BottomSurface = Enum.SurfaceType.Smooth,TopSurface = Enum.SurfaceType.Smooth,Color = Color3.new(0.105882, 0.164706, 0.207843),})
Mesh = New("BlockMesh",PumpPart,"Mesh",{Offset = Vector3.new(-0.100000001, 0, 0),Scale = Vector3.new(1, 0.0434782617, 0.652174175),})
mot = New("Motor",PumpPart,"mot",{Part0 = PumpPart,Part1 = Handle,C0 = CFrame.new(0, 0, 0, 1.68760507e-005, 6.33350865e-005, 1, 0.49998188, 0.866035879, -6.32881711e-005, -0.866035879, 0.49998188, -1.70511285e-005),C1 = CFrame.new(0.0770111084, -0.0996513367, -2.03497314, -1, -4.62646824e-007, -5.16961869e-008, -4.63094466e-007, 0.999958932, 0.0090197213, 4.75211479e-008, 0.0090197213, -0.999958932),})
PumpPart = New("Part",Remington_Model,"PumpPart",{BrickColor = BrickColor.new("Dark stone grey"),FormFactor = Enum.FormFactor.Custom,Size = Vector3.new(0.200000003, 1.1565218, 0.200000003),CFrame = CFrame.new(199.001999, 34.0480003, 240.035004, 0.999999285, -1.45661261e-013, 2.66453526e-015, -5.27355937e-016, -0.000125684775, -0.999998152, 9.59232693e-014, 0.999997437, -0.000125624239),CanCollide = false,BottomSurface = Enum.SurfaceType.Smooth,TopSurface = Enum.SurfaceType.Smooth,Color = Color3.new(0.388235, 0.372549, 0.384314),})
Mesh = New("CylinderMesh",PumpPart,"Mesh",{Offset = Vector3.new(0, -0.100000001, 0),Scale = Vector3.new(0.913043439, 1, 0.913043439),})
mot = New("Motor",PumpPart,"mot",{Part0 = PumpPart,Part1 = Handle,C0 = CFrame.new(0, 0, 0, 1, 0, 1.22624133e-013, -1.2262416e-013, -0.000125654042, 1.00000024, 1.54511581e-017, -1.00000024, -0.000125654042),C1 = CFrame.new(-0.00799560547, 0.0819282532, -2.0983429, -1, -4.62646824e-007, -5.16961869e-008, -4.63094466e-007, 0.999958932, 0.0090197213, 4.75211479e-008, 0.0090197213, -0.999958932),})
A6 = New("Part",Remington_Model,"A6",{BrickColor = BrickColor.new("Black"),FormFactor = Enum.FormFactor.Custom,Size = Vector3.new(0.200000003, 0.443478256, 0.200000003),CFrame = CFrame.new(198.917999, 34.2080002, 238.50499, -0.999999285, -1.42108547e-013, -6.07847106e-015, 5.27355937e-016, 6.32470474e-005, 0.999998093, -9.59232693e-014, 0.999997377, -6.33075833e-005),CanCollide = false,BottomSurface = Enum.SurfaceType.Smooth,TopSurface = Enum.SurfaceType.Smooth,Color = Color3.new(0.105882, 0.164706, 0.207843),})
Mesh = New("BlockMesh",A6,"Mesh",{Scale = Vector3.new(0.0434782617, 1, 0.608695626),})
mot = New("Motor",A6,"mot",{Part0 = A6,Part1 = Handle,C0 = CFrame.new(0, 0, 0, -1, 0, -1.22624133e-013, -1.2262416e-013, 6.3277781e-005, 1.00000024, 7.71644285e-018, 1.00000024, -6.3277781e-005),C1 = CFrame.new(0.0760040283, 0.228122711, -0.566955566, -1, -4.62646824e-007, -5.16961869e-008, -4.63094466e-007, 0.999958932, 0.0090197213, 4.75211479e-008, 0.0090197213, -0.999958932),})
PumpPart = New("Part",Remington_Model,"PumpPart",{BrickColor = BrickColor.new("Black"),FormFactor = Enum.FormFactor.Custom,Size = Vector3.new(0.200000003, 0.200000003, 0.200000003),CFrame = CFrame.new(198.958984, 33.9389992, 240.338989, 0.000125989245, 0.866035521, 0.499981582, 3.19443643e-007, -0.499980778, 0.866034091, 0.999997437, -0.000108920503, -6.33224845e-005),CanCollide = false,BottomSurface = Enum.SurfaceType.Smooth,TopSurface = Enum.SurfaceType.Smooth,Color = Color3.new(0.105882, 0.164706, 0.207843),})
Mesh = New("CylinderMesh",PumpPart,"Mesh",{Offset = Vector3.new(-0.100000001, 0, 0),Scale = Vector3.new(0.869565248, 0.652173877, 0.869565248),})
mot = New("Motor",PumpPart,"mot",{Part0 = PumpPart,Part1 = Handle,C0 = CFrame.new(0, 0, 0, 0.000125989318, 3.50177373e-007, 1.00000024, 0.866036117, -0.499981821, -0.000108936219, 0.49998194, 0.866035938, -6.3295658e-005),C1 = CFrame.new(0.0350189209, -0.0243263245, -2.40330505, -1, -4.62646824e-007, -5.16961869e-008, -4.63094466e-007, 0.999958932, 0.0090197213, 4.75211479e-008, 0.0090197213, -0.999958932),})
Railing = New("Part",Remington_Model,"Railing",{BrickColor = BrickColor.new("Black"),FormFactor = Enum.FormFactor.Symmetric,Size = Vector3.new(1, 1, 1),CFrame = CFrame.new(198.994003, 34.3580017, 238.263, 0.999998927, -3.02360537e-009, 1.71926985e-007, 1.91531191e-009, 0.999976873, 0.00644556619, -1.7194256e-007, -0.00644565001, 0.999975801),BottomSurface = Enum.SurfaceType.Smooth,TopSurface = Enum.SurfaceType.Smooth,Color = Color3.new(0.105882, 0.164706, 0.207843),})
Mesh = New("SpecialMesh",Railing,"Mesh",{Scale = Vector3.new(0.114285715, 0.0285714287, 0.0571428575),MeshType = Enum.MeshType.Torso,})
mot = New("Motor",Railing,"mot",{Part0 = Railing,Part1 = Handle,C0 = CFrame.new(0, 0, 0, 0.999999642, 1.91534322e-009, -1.71943029e-007, -3.02359804e-009, 0.99997896, -0.00644563884, 1.71927127e-007, 0.00644560996, 0.999978602),C1 = CFrame.new(0, 0.375934601, -0.323623657, -1, -4.62646824e-007, -5.16961869e-008, -4.63094466e-007, 0.999958932, 0.0090197213, 4.75211479e-008, 0.0090197213, -0.999958932),})
Part = New("Part",Remington_Model,"Part",{BrickColor = BrickColor.new("Dark stone grey"),FormFactor = Enum.FormFactor.Custom,Size = Vector3.new(0.200000003, 0.200000003, 0.677777767),CFrame = CFrame.new(198.994003, 34.3419952, 238.431992, 0.999999285, 4.35450715e-008, -3.80975962e-009, -4.3577586e-008, 0.999956846, -0.00901973248, 3.41675488e-009, 0.00901966542, 0.999956131),CanCollide = false,BottomSurface = Enum.SurfaceType.Smooth,TopSurface = Enum.SurfaceType.Smooth,Color = Color3.new(0.388235, 0.372549, 0.384314),})
Mesh = New("BlockMesh",Part,"Mesh",{Scale = Vector3.new(0.5, 0.055555556, 1),})
mot = New("Motor",Part,"mot",{Part0 = Part,Part1 = Handle,C0 = CFrame.new(0, 0, 0, 1, -4.35776464e-008, 3.41679218e-009, 4.35450644e-008, 0.999958932, 0.0090197213, -3.80973963e-009, -0.0090197213, 0.999958932),C1 = CFrame.new(0, 0.36145401, -0.492752075, -1, -4.62646824e-007, -5.16961869e-008, -4.63094466e-007, 0.999958932, 0.0090197213, 4.75211479e-008, 0.0090197213, -0.999958932),})
PumpPart = New("Part",Remington_Model,"PumpPart",{BrickColor = BrickColor.new("Black"),FormFactor = Enum.FormFactor.Custom,Size = Vector3.new(0.200000003, 0.200000003, 0.200000003),CFrame = CFrame.new(198.958984, 33.9389992, 239.599991, 0.000125974344, 0.866035521, 0.499981582, 3.19443643e-007, -0.499980778, 0.866034091, 0.999997437, -0.000108907465, -6.33150339e-005),CanCollide = false,BottomSurface = Enum.SurfaceType.Smooth,TopSurface = Enum.SurfaceType.Smooth,Color = Color3.new(0.105882, 0.164706, 0.207843),})
Mesh = New("CylinderMesh",PumpPart,"Mesh",{Offset = Vector3.new(-0.100000001, 0, 0),Scale = Vector3.new(0.869565248, 0.652173877, 0.869565248),})
mot = New("Motor",PumpPart,"mot",{Part0 = PumpPart,Part1 = Handle,C0 = CFrame.new(0, 0, 0, 0.000125974417, 3.50177373e-007, 1.00000024, 0.866036117, -0.499981821, -0.00010892329, 0.49998194, 0.866035938, -6.32881856e-005),C1 = CFrame.new(0.0350189209, -0.0309906006, -1.66433716, -1, -4.62646824e-007, -5.16961869e-008, -4.63094466e-007, 0.999958932, 0.0090197213, 4.75211479e-008, 0.0090197213, -0.999958932),})
Part = New("Part",Remington_Model,"Part",{BrickColor = BrickColor.new("Black"),FormFactor = Enum.FormFactor.Custom,Size = Vector3.new(0.200000003, 0.200000003, 0.200000003),CFrame = CFrame.new(198.990005, 33.3999977, 237.546005, -0.999999046, 2.32402598e-007, -1.03373257e-008, 4.25526565e-008, 0.226423576, 0.974026561, 2.28707108e-007, 0.974025726, -0.226423189),CanCollide = false,BottomSurface = Enum.SurfaceType.Smooth,TopSurface = Enum.SurfaceType.Smooth,Color = Color3.new(0.105882, 0.164706, 0.207843),})
Mesh = New("BlockMesh",Part,"Mesh",{Scale = Vector3.new(0.555555522, 0.841666579, 0.222222224),})
mot = New("Motor",Part,"mot",{Part0 = Part,Part1 = Handle,C0 = CFrame.new(0, 0, 0, -0.999999762, 4.25527524e-008, 2.28707705e-007, 2.32402826e-007, 0.226424068, 0.974028468, -1.03373088e-008, 0.974028587, -0.226423785),C1 = CFrame.new(0.00399780273, -0.588497162, 0.38470459, -1, -4.62646824e-007, -5.16961869e-008, -4.63094466e-007, 0.999958932, 0.0090197213, 4.75211479e-008, 0.0090197213, -0.999958932),})
Part = New("Part",Remington_Model,"Part",{BrickColor = BrickColor.new("Black"),FormFactor = Enum.FormFactor.Custom,Size = Vector3.new(0.200000003, 0.200000003, 0.200000003),CFrame = CFrame.new(198.990005, 33.4300003, 237.67598, -0.999998808, 8.50773318e-008, 5.24463921e-008, 7.03478094e-008, 0.226423576, 0.974026561, 7.09925985e-008, 0.974025726, -0.22642301),CanCollide = false,BottomSurface = Enum.SurfaceType.Smooth,TopSurface = Enum.SurfaceType.Smooth,Color = Color3.new(0.105882, 0.164706, 0.207843),})
Mesh = New("SpecialMesh",Part,"Mesh",{Scale = Vector3.new(0.555555522, 0.5, 0.222222224),MeshType = Enum.MeshType.Wedge,})
mot = New("Motor",Part,"mot",{Part0 = Part,Part1 = Handle,C0 = CFrame.new(0, 0, 0, -0.999999523, 7.03479088e-008, 7.0992769e-008, 8.50774313e-008, 0.226424068, 0.974028468, 5.24464632e-008, 0.974028587, -0.226423606),C1 = CFrame.new(0.00399780273, -0.557323456, 0.255004883, -1, -4.62646824e-007, -5.16961869e-008, -4.63094466e-007, 0.999958932, 0.0090197213, 4.75211479e-008, 0.0090197213, -0.999958932),})
Part = New("Part",Remington_Model,"Part",{BrickColor = BrickColor.new("Black"),FormFactor = Enum.FormFactor.Custom,Size = Vector3.new(0.200000003, 0.200000003, 0.200000003),CFrame = CFrame.new(198.990005, 33.3730011, 237.427002, 0.999999285, -2.3240267e-007, -1.03372377e-008, -4.25525997e-008, -0.226422742, 0.97402668, -2.28707009e-007, -0.974025965, -0.226422653),CanCollide = false,BottomSurface = Enum.SurfaceType.Smooth,TopSurface = Enum.SurfaceType.Smooth,Color = Color3.new(0.105882, 0.164706, 0.207843),})
Mesh = New("SpecialMesh",Part,"Mesh",{Scale = Vector3.new(0.555555522, 0.388888896, 0.222222224),MeshType = Enum.MeshType.Wedge,})
mot = New("Motor",Part,"mot",{Part0 = Part,Part1 = Handle,C0 = CFrame.new(0, 0, 0, 1, -4.25527027e-008, -2.2870762e-007, -2.3240284e-007, -0.226423249, -0.974028707, -1.03372235e-008, 0.974028707, -0.226423249),C1 = CFrame.new(0.00399780273, -0.616565704, 0.503463745, -1, -4.62646824e-007, -5.16961869e-008, -4.63094466e-007, 0.999958932, 0.0090197213, 4.75211479e-008, 0.0090197213, -0.999958932),})
Part = New("Part",Remington_Model,"Part",{BrickColor = BrickColor.new("Black"),FormFactor = Enum.FormFactor.Custom,Size = Vector3.new(0.200000003, 0.344444454, 0.200000003),CFrame = CFrame.new(198.990005, 33.4449997, 237.546005, -0.999999046, 2.32402598e-007, -1.03373257e-008, 4.25526565e-008, 0.226423576, 0.974026561, 2.28707108e-007, 0.974025726, -0.226423189),CanCollide = false,BottomSurface = Enum.SurfaceType.Smooth,TopSurface = Enum.SurfaceType.Smooth,Color = Color3.new(0.105882, 0.164706, 0.207843),})
Mesh = New("BlockMesh",Part,"Mesh",{Scale = Vector3.new(0.555555522, 1, 0.222222224),})
mot = New("Motor",Part,"mot",{Part0 = Part,Part1 = Handle,C0 = CFrame.new(0, 0, 0, -0.999999762, 4.25527524e-008, 2.28707705e-007, 2.32402826e-007, 0.226424068, 0.974028468, -1.03373088e-008, 0.974028587, -0.226423785),C1 = CFrame.new(0.00399780273, -0.543498993, 0.385116577, -1, -4.62646824e-007, -5.16961869e-008, -4.63094466e-007, 0.999958932, 0.0090197213, 4.75211479e-008, 0.0090197213, -0.999958932),})
Part = New("Part",Remington_Model,"Part",{BrickColor = BrickColor.new("Black"),FormFactor = Enum.FormFactor.Custom,Size = Vector3.new(0.200000003, 0.200000003, 0.200000003),CFrame = CFrame.new(198.990005, 33.5779991, 237.718002, -0.999999285, 3.70348204e-007, 7.74750504e-008, 1.91572855e-008, -0.154940739, 0.987921298, 3.77878905e-007, 0.987920582, 0.15494056),CanCollide = false,BottomSurface = Enum.SurfaceType.Smooth,TopSurface = Enum.SurfaceType.Smooth,Color = Color3.new(0.105882, 0.164706, 0.207843),})
Mesh = New("BlockMesh",Part,"Mesh",{Scale = Vector3.new(0.555555522, 0.277777761, 0.222222224),})
mot = New("Motor",Part,"mot",{Part0 = Part,Part1 = Handle,C0 = CFrame.new(0, 0, 0, -1, 1.91573086e-008, 3.77879957e-007, 3.70348459e-007, -0.154941022, 0.987923324, 7.74751001e-008, 0.987923324, 0.154941022),C1 = CFrame.new(0.00399780273, -0.408950806, 0.214324951, -1, -4.62646824e-007, -5.16961869e-008, -4.63094466e-007, 0.999958932, 0.0090197213, 4.75211479e-008, 0.0090197213, -0.999958932),})
Shell2 = New("Part",Remington_Model,"Shell2",{BrickColor = BrickColor.new("Brick yellow"),Reflectance = 0.20000000298023,FormFactor = Enum.FormFactor.Custom,Size = Vector3.new(0.200000003, 0.200000003, 0.200000003),CFrame = CFrame.new(199.154999, 34.0559998, 238.322998, -0.999999285, 4.35450715e-008, 3.80975962e-009, 4.3577586e-008, 0.999956846, 0.00901973248, -3.41675488e-009, 0.00901966542, -0.999956131),CanCollide = false,BottomSurface = Enum.SurfaceType.Smooth,TopSurface = Enum.SurfaceType.Smooth,Color = Color3.new(0.843137, 0.772549, 0.603922),})
Mesh = New("CylinderMesh",Shell2,"Mesh",{Scale = Vector3.new(0.555555522, 0.5, 0.555555522),})
mot = New("Motor",Shell2,"mot",{Part0 = Shell2,Part1 = Handle,C0 = CFrame.new(0, 0, 0, -1, 4.35776464e-008, -3.41679218e-009, 4.35450644e-008, 0.999958932, 0.0090197213, 3.80973963e-009, 0.0090197213, -0.999958932),C1 = CFrame.new(-0.160995483, 0.0744857788, -0.38633728, -1, -4.62646824e-007, -5.16961869e-008, -4.63094466e-007, 0.999958932, 0.0090197213, 4.75211479e-008, 0.0090197213, -0.999958932),})
Part = New("Part",Remington_Model,"Part",{BrickColor = BrickColor.new("Black"),FormFactor = Enum.FormFactor.Custom,Size = Vector3.new(0.200000003, 0.200000003, 0.200000003),CFrame = CFrame.new(199.122009, 34.1919975, 238.634995, -6.03961325e-014, 4.47034836e-008, -0.999999285, -0.00901970267, 0.999956846, 4.45667041e-008, 0.999956131, 0.00901963562, -3.49431417e-009),CanCollide = false,BottomSurface = Enum.SurfaceType.Smooth,TopSurface = Enum.SurfaceType.Smooth,Color = Color3.new(0.105882, 0.164706, 0.207843),})
Mesh = New("CylinderMesh",Part,"Mesh",{Scale = Vector3.new(0.777777791, 1, 0.777777791),})
mot = New("Motor",Part,"mot",{Part0 = Part,Part1 = Handle,C0 = CFrame.new(0, 0, 0, -3.6918385e-014, -0.0090196915, 0.999958932, 4.47034871e-008, 0.999958932, 0.0090196915, -1, 4.45667148e-008, -3.4943497e-009),C1 = CFrame.new(-0.128005981, 0.213294983, -0.697097778, -1, -4.62646824e-007, -5.16961869e-008, -4.63094466e-007, 0.999958932, 0.0090197213, 4.75211479e-008, 0.0090197213, -0.999958932),})
Part = New("Part",Remington_Model,"Part",{BrickColor = BrickColor.new("Dark stone grey"),FormFactor = Enum.FormFactor.Custom,Size = Vector3.new(0.200000003, 0.200000003, 0.677777767),CFrame = CFrame.new(198.994003, 34.3259964, 238.430984, 0.999999285, 4.35450715e-008, -3.80975962e-009, -4.3577586e-008, 0.999956846, -0.00901973248, 3.41675488e-009, 0.00901966542, 0.999956131),CanCollide = false,BottomSurface = Enum.SurfaceType.Smooth,TopSurface = Enum.SurfaceType.Smooth,Color = Color3.new(0.388235, 0.372549, 0.384314),})
Mesh = New("BlockMesh",Part,"Mesh",{Scale = Vector3.new(0.388888896, 0.111111112, 1),})
mot = New("Motor",Part,"mot",{Part0 = Part,Part1 = Handle,C0 = CFrame.new(0, 0, 0, 1, -4.35776464e-008, 3.41679218e-009, 4.35450644e-008, 0.999958932, 0.0090197213, -3.80973963e-009, -0.0090197213, 0.999958932),C1 = CFrame.new(0, 0.34544754, -0.491882324, -1, -4.62646824e-007, -5.16961869e-008, -4.63094466e-007, 0.999958932, 0.0090197213, 4.75211479e-008, 0.0090197213, -0.999958932),})
Part = New("Part",Remington_Model,"Part",{BrickColor = BrickColor.new("Dark stone grey"),FormFactor = Enum.FormFactor.Custom,Size = Vector3.new(0.200000003, 0.200000003, 0.200000003),CFrame = CFrame.new(198.966003, 34.2609978, 238.347, 0.999999285, -4.35450715e-008, 3.80975962e-009, -4.3577586e-008, -0.999956846, 0.00901973248, 3.41675488e-009, -0.00901966542, -0.999956131),CanCollide = false,BottomSurface = Enum.SurfaceType.Smooth,TopSurface = Enum.SurfaceType.Smooth,Color = Color3.new(0.388235, 0.372549, 0.384314),})
Mesh = New("SpecialMesh",Part,"Mesh",{Scale = Vector3.new(0.555555522, 0.222222224, 0.222222224),MeshType = Enum.MeshType.Wedge,})
mot = New("Motor",Part,"mot",{Part0 = Part,Part1 = Handle,C0 = CFrame.new(0, 0, 0, 1, -4.35776464e-008, 3.41679218e-009, -4.35450644e-008, -0.999958932, -0.0090197213, 3.80973963e-009, 0.0090197213, -0.999958932),C1 = CFrame.new(0.0279998779, 0.279693604, -0.408493042, -1, -4.62646824e-007, -5.16961869e-008, -4.63094466e-007, 0.999958932, 0.0090197213, 4.75211479e-008, 0.0090197213, -0.999958932),})
Part = New("Part",Remington_Model,"Part",{BrickColor = BrickColor.new("Black"),FormFactor = Enum.FormFactor.Custom,Size = Vector3.new(0.200000003, 0.344444454, 0.200000003),CFrame = CFrame.new(198.990005, 33.901001, 237.692001, -0.999999046, 3.8339823e-007, -5.40486624e-008, 3.41655948e-008, 0.226423576, 0.974026561, 3.85678248e-007, 0.974025726, -0.226423189),CanCollide = false,BottomSurface = Enum.SurfaceType.Smooth,TopSurface = Enum.SurfaceType.Smooth,Color = Color3.new(0.105882, 0.164706, 0.207843),})
Mesh = New("BlockMesh",Part,"Mesh",{Scale = Vector3.new(0.555555522, 1, 0.666666687),})
mot = New("Motor",Part,"mot",{Part0 = Part,Part1 = Handle,C0 = CFrame.new(0, 0, 0, -0.999999762, 3.41656872e-008, 3.85679272e-007, 3.83398543e-007, 0.226424068, 0.974028468, -5.40486909e-008, 0.974028587, -0.226423785),C1 = CFrame.new(0.00399780273, -0.0861968994, 0.243240356, -1, -4.62646824e-007, -5.16961869e-008, -4.63094466e-007, 0.999958932, 0.0090197213, 4.75211479e-008, 0.0090197213, -0.999958932),})
Part = New("Part",Remington_Model,"Part",{BrickColor = BrickColor.new("Black"),FormFactor = Enum.FormFactor.Custom,Size = Vector3.new(0.200000003, 0.200000003, 0.200000003),CFrame = CFrame.new(198.994003, 34.3849983, 238.177002, 0.999999285, -4.6309421e-007, 3.99015931e-008, 4.63434333e-007, 0.999956846, -0.00901973248, -3.57230014e-008, 0.00901966542, 0.999956131),CanCollide = false,BottomSurface = Enum.SurfaceType.Smooth,TopSurface = Enum.SurfaceType.Smooth,Color = Color3.new(0.105882, 0.164706, 0.207843),})
Mesh = New("BlockMesh",Part,"Mesh",{Scale = Vector3.new(0.333333343, 0.166666672, 0.166666672),})
mot = New("Motor",Part,"mot",{Part0 = Part,Part1 = Handle,C0 = CFrame.new(0, 0, 0, 1, 4.63435327e-007, -3.57230583e-008, -4.63094551e-007, 0.999958932, 0.0090197213, 3.99016429e-008, -0.0090197213, 0.999958932),C1 = CFrame.new(0, 0.40215683, -0.237380981, -1, -4.62646824e-007, -5.16961869e-008, -4.63094466e-007, 0.999958932, 0.0090197213, 4.75211479e-008, 0.0090197213, -0.999958932),})
Part = New("Part",Remington_Model,"Part",{BrickColor = BrickColor.new("Dark stone grey"),FormFactor = Enum.FormFactor.Custom,Size = Vector3.new(0.200000003, 0.200000003, 0.200000003),CFrame = CFrame.new(198.994003, 33.887001, 238.048981, 1.90734704e-006, -2.35438142e-006, 0.999999404, -0.852791429, -0.522247314, 3.15822035e-007, 0.522246897, -0.852790892, -2.83477038e-006),CanCollide = false,BottomSurface = Enum.SurfaceType.Smooth,TopSurface = Enum.SurfaceType.Smooth,Color = Color3.new(0.388235, 0.372549, 0.384314),})
Mesh = New("BlockMesh",Part,"Mesh",{Scale = Vector3.new(0.111111112, 0.388888896, 0.388888896),})
mot = New("Motor",Part,"mot",{Part0 = Part,Part1 = Handle,C0 = CFrame.new(0, 0, 0, 1.90734852e-006, -0.852793217, 0.522248328, -2.35438301e-006, -0.522248447, -0.852793336, 1.00000012, 3.15822632e-007, -2.83477834e-006),C1 = CFrame.new(0, -0.0969772339, -0.113861084, -1, -4.62646824e-007, -5.16961869e-008, -4.63094466e-007, 0.999958932, 0.0090197213, 4.75211479e-008, 0.0090197213, -0.999958932),})
Shell3 = New("Part",Remington_Model,"Shell3",{BrickColor = BrickColor.new("Brick yellow"),Reflectance = 0.20000000298023,FormFactor = Enum.FormFactor.Custom,Size = Vector3.new(0.200000003, 0.200000003, 0.200000003),CFrame = CFrame.new(199.154999, 34.2879982, 238.480988, -0.999999285, 4.35450715e-008, 3.80975962e-009, 4.3577586e-008, 0.999956846, 0.00901973248, -3.41675488e-009, 0.00901966542, -0.999956131),CanCollide = false,BottomSurface = Enum.SurfaceType.Smooth,TopSurface = Enum.SurfaceType.Smooth,Color = Color3.new(0.843137, 0.772549, 0.603922),})
Mesh = New("CylinderMesh",Shell3,"Mesh",{Scale = Vector3.new(0.555555522, 0.5, 0.555555522),})
mot = New("Motor",Shell3,"mot",{Part0 = Shell3,Part1 = Handle,C0 = CFrame.new(0, 0, 0, -1, 4.35776464e-008, -3.41679218e-009, 4.35450644e-008, 0.999958932, 0.0090197213, 3.80973963e-009, 0.0090197213, -0.999958932),C1 = CFrame.new(-0.160995483, 0.30790329, -0.542236328, -1, -4.62646824e-007, -5.16961869e-008, -4.63094466e-007, 0.999958932, 0.0090197213, 4.75211479e-008, 0.0090197213, -0.999958932),})
Part = New("Part",Remington_Model,"Part",{BrickColor = BrickColor.new("Dark stone grey"),FormFactor = Enum.FormFactor.Custom,Size = Vector3.new(0.200000003, 0.200000003, 0.200000003),CFrame = CFrame.new(198.994003, 33.9239998, 238.076981, 0.999999285, 4.35450715e-008, -3.80975962e-009, -4.3577586e-008, 0.999956846, -0.00901973248, 3.41675488e-009, 0.00901966542, 0.999956131),CanCollide = false,BottomSurface = Enum.SurfaceType.Smooth,TopSurface = Enum.SurfaceType.Smooth,Color = Color3.new(0.388235, 0.372549, 0.384314),})
Mesh = New("BlockMesh",Part,"Mesh",{Scale = Vector3.new(0.388888896, 0.277777761, 0.111111112),})
mot = New("Motor",Part,"mot",{Part0 = Part,Part1 = Handle,C0 = CFrame.new(0, 0, 0, 1, -4.35776464e-008, 3.41679218e-009, 4.35450644e-008, 0.999958932, 0.0090197213, -3.80973963e-009, -0.0090197213, 0.999958932),C1 = CFrame.new(0, -0.0597267151, -0.141525269, -1, -4.62646824e-007, -5.16961869e-008, -4.63094466e-007, 0.999958932, 0.0090197213, 4.75211479e-008, 0.0090197213, -0.999958932),})
Flashlight2 = New("Part",Remington_Model,"Flashlight L",{BrickColor = BrickColor.new("Light blue"),Reflectance = 0.30000001192093,FormFactor = Enum.FormFactor.Custom,Size = Vector3.new(0.200000003, 0.200000003, 0.200000003),CFrame = CFrame.new(198.992996, 33.8879967, 241.268997, 1.52035099e-007, -2.15638394e-007, 0.999999285, -0.999976873, -0.00644559413, 1.50641782e-007, 0.00644565001, -0.999976158, -2.16613387e-007),CanCollide = false,BottomSurface = Enum.SurfaceType.Smooth,TopSurface = Enum.SurfaceType.Smooth,Color = Color3.new(0.705882, 0.823529, 0.894118),})
Mesh = New("CylinderMesh",Flashlight2,"Mesh",{Scale = Vector3.new(0.777777791, 0.055555556, 0.777777791),})
mot = New("Motor",Flashlight2,"mot",{Part0 = Flashlight2,Part1 = Handle,C0 = CFrame.new(0, 0, 0, 1.52035199e-007, -0.99997896, 0.00644563884, -2.15638579e-007, -0.00644563884, -0.99997896, 1, 1.5064208e-007, -2.16613969e-007),C1 = CFrame.new(0.00100708008, -0.0669364929, -3.33374023, -1, -4.62646824e-007, -5.16961869e-008, -4.63094466e-007, 0.999958932, 0.0090197213, 4.75211479e-008, 0.0090197213, -0.999958932),})
Flashlight  = New("Part",Remington_Model,"Flashlight ",{BrickColor = BrickColor.new("Dark stone grey"),FormFactor = Enum.FormFactor.Custom,Size = Vector3.new(0.200000003, 0.388888896, 0.200000003),CFrame = CFrame.new(198.992996, 33.8850021, 240.877991, 1.52035099e-007, -1.71927041e-007, 0.999999285, -0.999976873, -0.00644559413, 1.50923526e-007, 0.00644565001, -0.999976158, -1.72903071e-007),CanCollide = false,BottomSurface = Enum.SurfaceType.Smooth,TopSurface = Enum.SurfaceType.Smooth,Color = Color3.new(0.388235, 0.372549, 0.384314),})
Mesh = New("CylinderMesh",Flashlight ,"Mesh",{Scale = Vector3.new(0.611111104, 1, 0.611111104),})
mot = New("Motor",Flashlight ,"mot",{Part0 = Flashlight ,Part1 = Handle,C0 = CFrame.new(0, 0, 0, 1.52035199e-007, -0.99997896, 0.00644563884, -1.71927184e-007, -0.00644563884, -0.99997896, 1, 1.50923825e-007, -1.72903526e-007),C1 = CFrame.new(0.00100708008, -0.0734596252, -2.94277954, -1, -4.62646824e-007, -5.16961869e-008, -4.63094466e-007, 0.999958932, 0.0090197213, 4.75211479e-008, 0.0090197213, -0.999958932),})
Flashlight  = New("Part",Remington_Model,"Flashlight ",{BrickColor = BrickColor.new("Black"),FormFactor = Enum.FormFactor.Custom,Size = Vector3.new(0.200000003, 0.200000003, 0.200000003),CFrame = CFrame.new(198.992996, 33.8850021, 240.877991, 1.52035099e-007, -2.15638394e-007, 0.999999285, -0.999976873, -0.00644559413, 1.50641782e-007, 0.00644565001, -0.999976158, -2.16613387e-007),CanCollide = false,BottomSurface = Enum.SurfaceType.Smooth,TopSurface = Enum.SurfaceType.Smooth,Color = Color3.new(0.105882, 0.164706, 0.207843),})
Mesh = New("CylinderMesh",Flashlight ,"Mesh",{Scale = Vector3.new(0.666666687, 0.722222269, 0.666666687),})
mot = New("Motor",Flashlight ,"mot",{Part0 = Flashlight ,Part1 = Handle,C0 = CFrame.new(0, 0, 0, 1.52035199e-007, -0.99997896, 0.00644563884, -2.15638579e-007, -0.00644563884, -0.99997896, 1, 1.5064208e-007, -2.16613969e-007),C1 = CFrame.new(0.00100708008, -0.0734596252, -2.94277954, -1, -4.62646824e-007, -5.16961869e-008, -4.63094466e-007, 0.999958932, 0.0090197213, 4.75211479e-008, 0.0090197213, -0.999958932),})
Part = New("Part",Remington_Model,"Part",{BrickColor = BrickColor.new("Dark stone grey"),FormFactor = Enum.FormFactor.Custom,Size = Vector3.new(0.200000003, 0.200000003, 0.200000003),CFrame = CFrame.new(198.994003, 34.2819977, 240.974991, 0.999999285, -3.76375993e-007, 3.99015931e-008, 3.76719981e-007, 0.999956846, -0.00901973248, -3.65051775e-008, 0.00901966542, 0.999956131),CanCollide = false,BottomSurface = Enum.SurfaceType.Smooth,TopSurface = Enum.SurfaceType.Smooth,Color = Color3.new(0.388235, 0.372549, 0.384314),})
Mesh = New("SpecialMesh",Part,"Mesh",{Scale = Vector3.new(0.222222224, 0.222222224, 0.611111104),MeshType = Enum.MeshType.Wedge,})
mot = New("Motor",Part,"mot",{Part0 = Part,Part1 = Handle,C0 = CFrame.new(0, 0, 0, 1, 3.76720777e-007, -3.6505245e-008, -3.76376278e-007, 0.999958932, 0.0090197213, 3.99016429e-008, -0.0090197213, 0.999958932),C1 = CFrame.new(0, 0.324398041, -3.03619385, -1, -4.62646824e-007, -5.16961869e-008, -4.63094466e-007, 0.999958932, 0.0090197213, 4.75211479e-008, 0.0090197213, -0.999958932),})
Part = New("Part",Remington_Model,"Part",{BrickColor = BrickColor.new("Black"),FormFactor = Enum.FormFactor.Custom,Size = Vector3.new(0.200000003, 0.200000003, 0.200000003),CFrame = CFrame.new(199.122009, 34.1959953, 238.169006, -6.03961325e-014, 4.47034836e-008, -0.999999285, -0.00901970267, 0.999956846, 4.45667041e-008, 0.999956131, 0.00901963562, -3.49431417e-009),CanCollide = false,BottomSurface = Enum.SurfaceType.Smooth,TopSurface = Enum.SurfaceType.Smooth,Color = Color3.new(0.105882, 0.164706, 0.207843),})
Mesh = New("CylinderMesh",Part,"Mesh",{Scale = Vector3.new(0.777777791, 1, 0.777777791),})
mot = New("Motor",Part,"mot",{Part0 = Part,Part1 = Handle,C0 = CFrame.new(0, 0, 0, -3.6918385e-014, -0.0090196915, 0.999958932, 4.47034871e-008, 0.999958932, 0.0090196915, -1, 4.45667148e-008, -3.4943497e-009),C1 = CFrame.new(-0.128005981, 0.213088989, -0.23109436, -1, -4.62646824e-007, -5.16961869e-008, -4.63094466e-007, 0.999958932, 0.0090197213, 4.75211479e-008, 0.0090197213, -0.999958932),})
Shell1 = New("Part",Remington_Model,"Shell1",{BrickColor = BrickColor.new("Earth green"),FormFactor = Enum.FormFactor.Custom,Size = Vector3.new(0.200000003, 0.222222224, 0.200000003),CFrame = CFrame.new(199.154999, 34.1070023, 238.167999, -0.999999285, -4.35450644e-008, -3.80978449e-009, 4.3577586e-008, -0.999956846, -0.00901985168, -3.41675488e-009, -0.00901978463, 0.999956131),CanCollide = false,BottomSurface = Enum.SurfaceType.Smooth,TopSurface = Enum.SurfaceType.Smooth,Color = Color3.new(0.152941, 0.27451, 0.176471),})
Mesh = New("CylinderMesh",Shell1,"Mesh",{Scale = Vector3.new(0.555555522, 1, 0.555555522),})
mot = New("Motor",Shell1,"mot",{Part0 = Shell1,Part1 = Handle,C0 = CFrame.new(0, 0, 0, -1, 4.35776464e-008, -3.41679218e-009, -4.3545068e-008, -0.999958932, -0.00901984051, -3.80976761e-009, -0.00901984051, 0.999958932),C1 = CFrame.new(-0.160995483, 0.124088287, -0.230880737, -1, -4.62646824e-007, -5.16961869e-008, -4.63094466e-007, 0.999958932, 0.0090197213, 4.75211479e-008, 0.0090197213, -0.999958932),})
Shell1 = New("Part",Remington_Model,"Shell1",{BrickColor = BrickColor.new("Brick yellow"),Reflectance = 0.20000000298023,FormFactor = Enum.FormFactor.Custom,Size = Vector3.new(0.200000003, 0.200000003, 0.200000003),CFrame = CFrame.new(199.154999, 34.269001, 238.169983, -0.999999285, 4.35450715e-008, 3.80975962e-009, 4.3577586e-008, 0.999956846, 0.00901973248, -3.41675488e-009, 0.00901966542, -0.999956131),CanCollide = false,BottomSurface = Enum.SurfaceType.Smooth,TopSurface = Enum.SurfaceType.Smooth,Color = Color3.new(0.843137, 0.772549, 0.603922),})
Mesh = New("CylinderMesh",Shell1,"Mesh",{Scale = Vector3.new(0.555555522, 0.5, 0.555555522),})
